  -999  34.891  34.891  34.891  34.891  34.891  34.891  34.892  34.892  34.893  
    34.893  34.894  34.895  34.897  34.899  34.901  34.903  34.906  34.908  
    34.911  34.912  34.914  34.914  34.914  34.914  34.913  34.912  34.911  
    34.91  34.909  34.908  34.908  34.907  34.906  34.905  34.904  34.902  
    34.901  34.899  34.898  34.897  34.896  34.895  34.894  34.893  34.893  
    34.892  34.892  34.892  34.892  34.892  34.892  34.893  34.893  34.894  
    34.895  34.896  34.897  34.898  34.899  34.899  34.9  34.901  34.902  
    34.903  34.904  34.905  34.907  34.909  34.913  34.917  34.921  34.926  
    34.93  34.935  34.938  34.94  34.941  34.94  34.938  34.935  34.931  
    34.927  34.924  34.92  -999  -999  -999  -999  -999 
  -999  -999  34.891  34.891  34.891  34.891  34.891  34.892  34.892  34.893  
    34.894  34.895  34.896  34.898  34.9  34.903  34.906  34.91  34.913  
    34.916  34.919  34.921  34.922  34.922  34.921  34.919  34.918  34.916  
    34.915  34.914  34.913  34.913  34.912  34.91  34.909  34.907  34.905  
    34.904  34.902  34.9  34.898  34.897  34.896  34.895  34.894  34.893  
    34.893  34.892  34.892  34.892  34.892  34.893  34.893  34.894  34.895  
    34.896  34.897  34.898  34.899  34.901  34.902  34.903  34.904  34.905  
    34.905  34.906  34.908  34.91  34.913  34.917  34.922  34.928  34.935  
    34.942  34.948  34.953  34.956  34.956  34.955  34.952  34.947  34.942  
    34.937  34.932  -999  -999  -999  -999  -999  -999 
  -999  -999  34.891  34.891  34.891  34.891  34.891  34.892  34.892  34.893  
    34.894  34.895  34.897  34.899  34.902  34.906  34.91  34.915  34.92  
    34.924  34.928  34.93  34.931  34.93  34.929  34.927  34.925  34.923  
    34.921  34.92  34.919  34.919  34.918  34.916  34.914  34.912  34.91  
    34.907  34.904  34.902  34.9  34.898  34.897  34.895  34.894  34.894  
    34.893  34.893  34.892  34.892  34.892  34.893  34.893  34.894  34.895  
    34.897  34.898  34.9  34.902  34.903  34.905  34.906  34.907  34.908  
    34.909  34.909  34.911  34.913  34.917  34.922  34.929  34.937  34.946  
    34.956  34.964  34.971  34.976  34.977  34.974  34.969  34.963  34.955  
    34.948  34.942  -999  -999  -999  -999  -999  -999 
  -999  -999  -999  34.891  34.891  34.891  34.891  34.892  34.892  34.893  34.894  
    34.895  34.897  34.9  34.903  34.908  34.914  34.921  34.927  34.933  
    34.938  34.941  34.942  34.941  34.939  34.935  34.932  34.93  34.928  
    34.927  34.927  34.926  34.925  34.923  34.921  34.918  34.915  34.911  
    34.908  34.905  34.902  34.9  34.898  34.896  34.895  34.894  34.893  
    34.893  34.892  34.892  34.892  34.893  34.894  34.895  34.896  34.898  
    34.9  34.902  34.904  34.907  34.909  34.91  34.911  34.912  34.912  
    34.912  34.914  34.916  34.921  34.927  34.936  34.946  34.959  34.972  
    34.985  34.995  35.001  35.002  34.998  34.99  34.981  34.971  34.961  
    34.952  -999  -999  -999  -999  -999  -999 
  -999  -999  -999  34.891  34.891  34.891  34.891  34.892  34.892  34.893  34.894  
    34.895  34.897  34.9  34.904  -999  34.92  34.928  34.936  34.943  34.95  
    34.955  34.956  34.954  34.95  34.945  34.94  34.937  34.936  34.935  
    34.935  34.935  34.934  34.932  34.929  34.925  34.92  34.916  34.912  
    34.908  34.904  34.902  34.899  34.897  34.896  34.894  34.893  34.893  
    34.892  34.892  34.892  34.893  34.893  34.895  34.896  34.898  34.901  
    34.904  34.907  34.91  34.913  34.915  34.916  34.916  34.916  34.915  
    34.916  34.918  34.923  34.931  34.942  34.956  34.972  34.99  35.008  
    35.023  35.032  35.033  35.027  35.015  35.001  34.987  34.974  34.963  
    -999  -999  -999  -999  -999  -999 
  -999  -999  -999  -999  -999  34.891  34.891  34.891  34.892  34.893  34.893  34.895  
    34.897  34.899  -999  -999  -999  34.936  34.945  34.955  34.963  34.97  34.971  
    34.968  34.961  34.954  34.948  34.945  34.944  34.944  34.945  34.946  
    34.946  34.943  34.939  34.933  34.927  34.921  34.916  34.911  34.907  
    34.903  34.9  34.898  34.896  34.895  34.894  34.893  34.892  34.892  
    34.892  34.892  34.893  34.894  34.896  34.899  34.902  34.906  34.91  
    34.914  34.918  34.921  34.922  34.922  34.92  34.918  34.917  34.919  
    34.924  34.933  34.947  34.964  34.986  35.01  35.035  35.057  35.07  
    35.071  35.06  35.042  35.022  35.003  34.986  34.972  -999  -999  -999  -999  -999  -999 
  -999  -999  -999  -999  -999  34.891  34.891  34.891  34.892  34.892  34.893  34.894  
    34.896  34.898  -999  -999  -999  -999  34.954  34.965  34.976  34.985  34.987  
    34.981  34.971  34.962  34.955  34.952  34.951  34.953  34.956  34.959  
    34.959  34.956  34.951  34.943  34.935  34.927  34.92  34.914  34.909  
    34.905  34.902  34.899  34.897  34.895  34.893  34.892  34.892  34.891  
    34.891  34.891  34.892  34.894  34.896  34.899  34.903  34.907  34.913  
    34.919  34.924  34.928  34.929  34.927  34.923  34.918  34.916  34.917  
    34.922  34.933  34.949  34.97  34.997  35.028  35.062  35.093  35.114  
    35.114  35.096  35.069  35.041  35.016  34.996  34.979  -999  -999  -999  -999  -999  -999 
  -999  -999  -999  -999  -999  34.89  34.891  34.891  34.891  34.891  34.892  34.893  
    34.894  -999  -999  -999  -999  -999  34.961  34.971  34.983  34.995  34.999  34.988  
    34.976  34.966  34.959  34.956  34.957  34.961  34.967  34.972  34.975  
    34.971  34.963  34.952  34.942  34.932  34.924  34.917  34.911  34.907  
    34.903  34.899  34.897  34.895  34.893  34.892  34.891  34.89  34.89  
    34.89  34.891  34.892  34.894  34.898  34.902  34.908  34.915  34.922  
    34.93  34.935  34.937  34.933  34.925  34.916  34.91  34.91  34.916  
    34.928  34.946  34.971  35.003  35.04  35.083  35.126  35.158  35.157  
    35.128  35.09  35.055  35.025  35.001  34.982  -999  -999  -999  -999  -999  -999 
  -999  -999  -999  -999  -999  34.89  34.89  34.89  34.89  34.891  34.891  34.892  34.893  
    34.893  -999  -999  -999  -999  34.963  34.972  34.982  34.991  34.993  34.985  
    34.975  34.966  34.96  34.959  34.961  34.967  34.976  34.986  34.991  
    34.987  34.975  34.961  34.948  34.937  34.928  34.92  34.913  34.908  
    34.903  34.9  34.897  34.895  34.893  34.891  34.89  34.889  34.888  
    34.888  34.888  34.89  34.892  34.895  34.9  34.906  34.914  34.924  
    34.934  34.942  34.944  34.937  34.923  34.908  34.898  34.897  34.903  
    34.917  34.938  34.966  35.001  35.043  35.091  35.142  35.186  35.183  
    35.143  35.099  35.06  35.027  35.001  34.98  34.963  34.948  -999  -999  -999  -999 
  -999  -999  -999  -999  -999  34.889  34.889  34.89  34.89  34.89  34.89  34.89  34.891  
    34.891  -999  -999  -999  -999  34.961  34.968  34.974  34.979  34.98  34.975  
    34.968  34.961  34.958  34.958  34.962  34.969  34.981  34.994  35.004  
    34.998  34.982  34.965  34.951  34.939  34.93  34.921  34.914  34.908  
    34.904  34.9  34.897  34.894  34.892  34.89  34.888  34.887  34.886  
    34.885  34.885  34.886  34.887  34.89  34.895  34.901  34.91  34.92  
    34.933  34.944  34.948  34.936  34.912  34.889  34.876  34.874  34.883  
    34.901  34.925  34.955  34.991  35.033  35.08  35.127  35.163  35.163  
    35.131  35.091  35.054  35.022  34.996  34.975  34.958  34.944  34.933  
    34.924  -999  -999 
  -999  -999  -999  -999  -999  34.889  34.889  34.889  34.889  34.889  34.889  34.889  
    34.889  34.89  34.89  -999  -999  -999  -999  34.959  34.963  34.965  34.965  34.962  
    34.958  34.954  34.953  34.954  34.959  34.967  34.978  34.991  35  
    34.995  34.98  34.964  34.95  34.939  34.929  34.921  34.914  34.908  
    34.904  34.9  34.896  34.894  34.891  34.889  34.886  34.884  34.882  
    34.881  34.88  34.88  34.881  34.883  34.886  34.892  34.9  34.91  
    34.922  34.935  34.943  34.924  34.885  34.853  34.839  34.841  34.856  
    34.878  34.905  34.938  34.973  35.013  35.053  35.091  35.116  35.118  
    35.098  35.069  35.038  35.011  34.987  34.968  34.952  34.939  34.929  
    34.921  34.914  34.909 
  -999  -999  -999  -999  -999  -999  34.888  34.888  34.888  34.887  34.887  34.888  34.888  
    34.888  -999  -999  -999  -999  -999  34.949  34.95  34.951  34.951  34.949  34.947  
    34.945  34.945  34.948  34.953  34.96  34.97  34.979  34.984  34.981  
    34.971  34.958  34.947  34.936  34.927  34.92  34.913  34.908  34.903  
    34.899  34.896  34.893  34.89  34.887  34.884  34.881  34.878  34.875  
    34.873  34.872  34.872  34.872  34.874  34.878  34.883  34.889  34.897  
    34.904  34.905  34.876  34.826  34.793  34.786  34.798  34.821  34.851  
    34.883  34.916  34.951  34.986  35.021  35.049  35.068  35.071  35.06  
    35.04  35.017  34.995  34.976  34.959  34.945  34.934  34.925  34.917  
    34.912  34.907 
  -999  -999  -999  -999  -999  -999  -999  34.887  34.886  34.886  34.886  34.886  34.886  
    34.887  -999  -999  -999  -999  -999  -999  34.938  34.938  34.938  34.937  34.936  34.936  
    34.937  34.94  34.944  34.951  34.958  34.964  34.967  34.965  34.959  
    34.95  34.94  34.932  34.924  34.918  34.912  34.907  34.903  34.899  
    34.895  34.892  34.888  34.885  34.881  34.877  34.873  34.868  34.865  
    34.862  34.86  34.859  34.858  34.859  34.86  34.86  34.858  34.849  
    34.828  34.785  34.735  34.711  34.72  34.749  34.785  34.823  34.859  
    34.894  34.928  34.959  34.988  35.011  35.025  35.029  35.023  35.011  
    34.995  34.978  34.963  34.95  34.938  34.928  34.921  34.914  34.909  
    34.905 
  -999  -999  -999  -999  -999  -999  -999  -999  -999  -999  34.884  34.884  34.885  34.885  -999  -999  -999  -999  
    -999  -999  34.925  34.925  34.925  34.925  34.925  34.926  34.928  34.931  
    34.935  34.94  34.946  34.95  34.952  34.951  34.947  34.941  34.934  
    34.927  34.921  34.915  34.91  34.906  34.902  34.898  34.895  34.891  
    34.887  34.882  34.877  34.872  34.866  34.859  34.854  34.848  34.844  
    34.841  34.839  34.837  34.833  34.827  34.814  34.791  34.751  34.693  
    34.634  34.622  34.657  34.705  34.753  34.798  34.838  34.874  34.906  
    34.934  34.959  34.978  34.99  34.994  34.992  34.985  34.974  34.962  
    34.951  34.94  34.931  34.923  34.916  34.911  34.907  34.903 
  -999  -999  -999  -999  -999  -999  -999  -999  -999  -999  34.881  34.882  34.883  34.884  34.885  
    34.885  -999  -999  -999  -999  34.913  34.913  34.914  34.914  34.915  34.917  
    34.919  34.922  34.926  34.93  34.935  34.938  34.94  34.939  34.936  
    34.932  34.928  34.923  34.918  34.913  34.909  34.905  34.901  34.898  
    34.894  34.89  34.885  34.88  34.873  34.865  34.857  34.848  34.839  
    34.831  34.825  34.819  34.815  34.811  34.805  34.794  34.775  34.744  
    34.697  34.635  34.572  34.569  34.621  34.679  34.733  34.781  34.822  
    34.857  34.888  34.913  34.934  34.951  34.961  34.966  34.966  34.962  
    34.956  34.947  34.939  34.931  34.924  34.918  34.912  34.908  34.904  
    34.902 
  -999  -999  -999  -999  -999  -999  -999  -999  -999  -999  -999  34.88  34.882  34.884  34.885  34.886  
    34.886  34.886  -999  -999  34.902  34.902  34.903  34.904  34.905  34.908  
    34.91  34.914  34.918  34.922  34.925  34.928  34.93  34.93  34.928  
    34.926  34.923  34.919  34.915  34.912  34.908  34.905  34.901  34.898  
    34.894  34.889  34.884  34.877  34.869  34.859  34.847  34.834  34.821  
    34.81  34.8  34.793  34.787  34.782  34.776  34.764  34.745  34.716  
    34.674  34.624  34.585  34.585  34.625  34.677  34.728  34.774  34.813  
    34.846  34.874  34.897  34.916  34.93  34.939  34.945  34.946  34.944  
    34.94  34.935  34.929  34.923  34.918  34.913  34.909  34.905  34.902  
    34.9 
  -999  -999  -999  -999  -999  -999  -999  -999  -999  -999  34.875  34.878  34.881  34.884  34.886  
    34.886  34.887  34.886  -999  -999  34.891  34.892  34.892  34.894  34.896  
    34.899  34.902  34.906  34.91  34.914  34.918  34.921  34.922  34.923  
    34.923  34.921  34.919  34.917  34.914  34.911  34.908  34.905  34.902  
    34.898  34.894  34.889  34.883  34.875  34.864  34.851  34.835  34.817  
    34.799  34.782  34.769  34.76  34.754  34.75  34.746  34.738  34.724  
    34.702  34.672  34.641  34.621  34.624  34.652  34.693  34.735  34.775  
    34.81  34.84  34.865  34.885  34.901  34.914  34.923  34.928  34.93  
    34.93  34.928  34.925  34.921  34.916  34.912  34.909  34.905  34.903  
    34.9  34.898 
  -999  -999  -999  -999  -999  -999  -999  -999  -999  -999  34.874  34.878  34.882  34.886  34.888  
    34.888  34.888  34.886  34.884  -999  34.882  34.882  34.882  34.884  
    34.887  34.891  34.895  34.9  34.904  34.909  34.912  34.915  34.918  
    34.919  34.919  34.919  34.917  34.916  34.914  34.912  34.909  34.906  
    34.903  34.9  34.895  34.89  34.883  34.873  34.86  34.843  34.822  
    34.797  34.77  34.747  34.728  34.718  34.713  34.713  34.715  34.713  
    34.708  34.696  34.681  34.665  34.658  34.664  34.685  34.716  34.75  
    34.782  34.812  34.838  34.859  34.877  34.891  34.902  34.91  34.916  
    34.918  34.919  34.918  34.916  34.914  34.911  34.908  34.905  34.903  
    34.9  34.899  34.897 
  -999  -999  -999  -999  -999  -999  -999  -999  -999  -999  34.875  34.881  34.886  34.89  34.892  
    34.892  34.891  34.888  34.883  34.879  34.875  34.873  34.872  34.874  
    34.878  34.883  34.888  34.894  34.9  34.905  34.909  34.912  34.915  
    34.917  34.918  34.918  34.918  34.917  34.915  34.914  34.911  34.909  
    34.906  34.902  34.897  34.892  34.884  34.873  34.857  34.836  34.807  
    34.773  34.735  34.701  34.676  34.663  34.663  34.669  34.679  34.688  
    34.693  34.693  34.69  34.687  34.689  34.698  34.716  34.74  34.766  
    34.793  34.817  34.838  34.857  34.872  34.884  34.894  34.901  34.906  
    34.909  34.911  34.911  34.91  34.908  34.906  34.904  34.902  34.9  
    34.898  34.897  34.896 
  -999  -999  -999  -999  -999  -999  -999  -999  -999  -999  34.884  34.889  34.894  34.898  34.9  34.899  
    34.896  34.891  34.883  34.875  34.868  34.864  34.862  34.864  34.869  
    34.876  34.883  34.89  34.897  34.903  34.908  34.912  34.915  34.917  
    34.919  34.92  34.92  34.92  34.919  34.917  34.915  34.913  34.909  
    34.905  34.9  34.894  34.885  34.873  34.856  34.831  34.795  34.747  
    34.692  34.641  34.607  34.593  34.599  34.616  34.638  34.659  34.676  
    34.689  34.697  34.704  34.713  34.725  34.741  34.76  34.782  34.803  
    34.823  34.841  34.856  34.869  34.88  34.888  34.895  34.9  34.903  
    34.905  34.905  34.905  34.904  34.902  34.901  34.899  34.898  34.897  
    34.896  34.895 
  -999  -999  -999  -999  -999  -999  -999  -999  -999  -999  34.898  34.902  34.907  34.91  34.911  34.91  
    34.905  34.897  34.886  34.874  34.862  34.854  34.851  34.854  34.86  
    34.869  34.879  34.888  34.896  34.903  34.909  34.914  34.918  34.921  
    34.923  34.924  34.925  34.925  34.925  34.923  34.921  34.918  34.914  
    34.91  34.904  34.897  34.888  34.875  34.857  34.829  34.786  34.721  
    34.641  34.564  34.516  34.504  34.521  34.554  34.592  34.627  34.658  
    34.682  34.7  34.716  34.73  34.744  34.76  34.777  34.795  34.812  
    34.829  34.843  34.856  34.867  34.877  34.884  34.89  34.895  34.898  
    34.9  34.901  34.901  34.901  34.9  34.898  34.897  34.896  34.895  
    34.894  34.894 
  -999  -999  -999  -999  -999  -999  -999  -999  -999  34.909  34.914  34.919  34.923  34.927  34.928  
    34.926  34.92  34.91  34.894  34.876  34.857  34.844  34.839  34.843  
    34.853  34.865  34.877  34.889  34.898  34.906  34.913  34.919  34.923  
    34.926  34.929  34.932  34.933  34.934  34.933  34.932  34.929  34.926  
    34.921  34.916  34.909  34.9  34.89  34.876  34.858  34.831  34.784  
    34.704  34.586  34.466  34.399  34.394  34.431  34.485  34.542  34.594  
    34.638  34.672  34.7  34.722  34.74  34.757  34.773  34.789  34.805  
    34.819  34.833  34.846  34.857  34.866  34.875  34.881  34.887  34.891  
    34.895  34.897  34.898  34.898  34.898  34.897  34.896  34.895  -999  -999  -999  
    34.893 
  -999  -999  -999  -999  -999  -999  -999  -999  -999  34.926  34.931  34.937  34.943  34.948  34.951  
    34.95  34.944  34.93  34.91  34.884  34.857  34.836  34.829  34.835  
    34.849  34.865  34.88  34.893  34.904  34.913  34.921  34.927  34.931  
    34.936  34.939  34.942  34.944  34.945  34.945  34.944  34.941  34.936  
    34.931  34.923  34.914  34.904  34.89  34.874  34.855  34.83  34.79  
    34.706  34.539  34.344  34.255  34.271  34.337  34.417  34.494  34.562  
    34.618  34.662  34.697  34.724  34.746  34.765  34.782  34.797  34.811  
    34.824  34.836  34.847  34.857  34.865  34.873  34.879  34.884  -999  -999  -999  
    -999  -999  -999  34.893  34.893  34.893  34.893  34.893  34.893  34.892 
  -999  -999  -999  -999  -999  -999  -999  -999  -999  34.943  34.95  34.958  34.967  34.975  34.981  
    34.982  34.978  34.964  34.94  34.905  34.865  34.833  34.823  34.834  
    34.853  34.872  34.889  34.903  34.915  34.924  34.932  34.938  34.944  
    34.948  34.953  34.957  34.96  34.961  34.962  34.96  34.956  34.95  
    34.943  34.933  34.922  34.907  34.889  34.866  34.84  34.811  34.781  
    34.729  34.541  34.201  34.107  34.157  34.254  34.359  34.455  34.536  
    34.601  34.652  34.693  34.724  34.749  34.769  34.786  34.801  34.814  
    34.826  34.837  34.847  34.856  34.864  34.871  34.877  -999  -999  34.886  
    34.887  34.889  34.89  34.891  34.892  34.892  34.893  34.893  34.892  
    34.892  34.892 
  -999  -999  -999  -999  -999  -999  -999  -999  -999  34.961  34.971  34.982  34.994  35.007  35.018  
    35.025  35.025  35.014  34.989  34.948  34.896  34.846  34.833  34.85  
    34.871  34.89  34.906  34.92  34.931  34.941  34.948  34.955  34.96  
    34.965  34.971  34.976  34.98  34.983  34.983  34.981  34.976  34.968  
    34.959  34.947  34.932  34.913  34.887  34.853  34.808  34.753  34.695  
    34.659  34.611  34.153  34.018  34.083  34.201  34.322  34.43  34.518  
    34.589  34.645  34.688  34.721  34.748  34.769  34.786  34.801  34.814  
    34.826  34.836  34.845  34.854  34.862  -999  -999  34.881  34.884  34.885  
    34.887  34.888  34.889  34.89  34.891  34.892  34.892  34.892  34.892  
    34.892  34.892 
  -999  -999  -999  -999  -999  -999  -999  -999  -999  34.981  34.993  35.008  35.026  35.044  35.063  
    35.079  35.087  35.083  35.062  35.022  34.967  34.91  34.888  34.895  
    34.907  34.92  34.933  34.944  34.954  34.962  34.97  34.976  34.981  
    34.987  34.993  35  35.007  35.011  35.012  35.008  35.001  34.991  
    34.979  34.965  34.947  34.923  34.891  34.844  34.775  34.674  34.529  
    34.31  33.981  33.932  33.957  34.058  34.188  34.314  34.423  34.512  
    34.584  34.64  34.683  34.717  34.744  34.765  34.783  34.798  34.811  
    34.822  34.832  34.842  34.851  -999  -999  -999  34.881  34.883  34.885  34.887  
    34.888  34.889  34.89  34.891  34.891  34.891  34.892  34.892  34.892  
    34.891 
  -999  -999  -999  -999  -999  -999  -999  -999  -999  -999  35.018  35.037  35.06  35.086  35.114  
    35.142  35.163  35.171  35.16  35.127  35.076  35.021  34.983  34.966  
    34.961  34.962  34.967  34.974  34.982  34.99  34.997  35.003  35.008  
    35.013  35.021  35.031  35.04  35.047  35.048  35.043  35.033  35.02  
    35.004  34.987  34.967  34.942  34.907  34.853  34.768  34.637  34.44  
    34.167  33.914  33.879  33.97  34.09  34.217  34.334  34.435  34.518  
    34.584  34.637  34.678  34.71  34.736  34.758  34.775  34.791  34.804  
    34.815  34.826  34.836  -999  -999  -999  -999  34.881  34.883  34.885  34.886  
    34.888  34.889  34.89  34.89  34.891  -999  34.891  34.891  34.891  34.891 
  -999  -999  -999  -999  -999  -999  -999  -999  -999  -999  35.043  35.066  35.095  35.129  35.167  
    35.208  35.246  35.271  35.273  35.25  35.203  35.143  35.087  35.047  
    35.023  35.011  35.007  35.01  35.017  35.025  35.032  35.037  35.041  
    35.045  35.054  35.067  35.082  35.091  35.093  35.085  35.071  35.053  
    35.034  35.014  34.994  34.971  34.939  34.89  34.811  34.685  34.503  
    34.286  34.108  34.051  34.097  34.185  34.285  34.379  34.462  34.532  
    34.588  34.634  34.67  34.7  34.725  34.745  34.763  34.779  34.792  
    34.805  34.816  -999  -999  -999  -999  34.878  34.88  34.883  34.884  34.886  -999  -999  
    -999  -999  -999  -999  34.891  34.891  34.891  -999 
  -999  -999  -999  -999  -999  -999  -999  -999  -999  -999  -999  -999  35.13  35.169  35.215  35.269  35.325  
    35.369  35.383  35.373  35.33  35.257  35.181  35.122  35.081  35.058  
    35.049  35.049  35.055  35.065  35.074  35.08  35.082  35.083  35.092  
    35.11  35.131  35.146  35.148  35.135  35.114  35.089  35.065  35.043  
    35.023  35.006  34.986  34.955  34.9  34.808  34.67  34.505  34.361  
    34.285  34.28  34.319  34.378  34.44  34.498  34.549  34.592  34.628  
    34.658  34.684  34.707  34.727  34.745  34.761  34.776  34.79  34.802  -999  
    -999  -999  34.872  34.876  34.879  34.882  34.884  34.885  -999  -999  -999  -999  -999  -999  
    -999  34.891  34.891  34.891 
  -999  -999  -999  -999  -999  -999  -999  -999  -999  -999  -999  -999  35.161  35.203  35.253  35.31  35.374  
    35.431  35.45  35.464  35.431  35.34  35.249  35.178  35.128  35.099  
    35.087  35.087  35.096  35.11  35.124  35.132  35.133  35.131  35.137  
    35.156  35.184  35.208  35.211  35.19  35.158  35.125  35.095  35.069  
    35.051  35.041  35.037  35.033  35.019  34.975  34.883  34.748  34.611  
    34.514  34.466  34.459  34.476  34.504  34.534  34.563  34.59  34.615  
    34.638  34.659  34.68  34.7  34.719  34.737  34.754  34.769  -999  -999  -999  
    34.862  34.87  34.875  34.878  34.881  34.883  -999  -999  -999  -999  -999  -999  -999  -999  -999  
    34.891  34.891 
  -999  -999  -999  -999  -999  -999  -999  -999  -999  -999  -999  -999  -999  35.229  35.276  35.327  35.378  
    35.419  35.44  35.468  35.448  35.365  35.278  35.208  35.159  35.13  
    35.119  35.122  35.137  35.159  35.18  35.193  35.191  35.181  35.178  
    35.194  35.229  35.27  35.277  35.241  35.199  35.157  35.118  35.086  
    35.067  35.065  35.078  35.104  35.134  35.147  35.1  34.972  34.825  
    34.705  34.626  34.582  34.563  34.558  34.561  34.568  34.578  34.59  
    34.605  34.623  34.642  34.662  34.683  34.704  34.723  -999  -999  -999  -999  
    34.855  34.866  34.873  34.877  34.88  34.883  -999  -999  -999  -999  -999  -999  -999  -999  -999  
    34.891  34.891 
  -999  -999  -999  -999  -999  -999  -999  -999  -999  -999  -999  -999  -999  -999  35.285  35.324  35.359  35.384  
    35.399  35.41  35.392  35.338  35.272  35.214  35.172  35.148  35.142  
    35.151  35.174  35.206  35.238  35.258  35.249  35.219  35.198  35.207  
    35.248  35.306  35.321  35.275  35.232  35.178  35.125  35.083  35.062  
    35.066  35.094  35.143  35.205  35.266  35.266  35.128  34.973  34.842  
    34.744  34.675  34.628  34.595  34.572  34.556  34.549  34.548  34.556  
    34.57  34.589  34.611  34.635  34.66  34.684  -999  -999  -999  34.805  -999  34.863  
    34.871  34.876  34.88  34.882  -999  -999  -999  -999  -999  -999  -999  -999  -999  34.891  34.891 
  -999  -999  -999  -999  -999  -999  -999  -999  -999  -999  -999  -999  -999  -999  -999  -999  35.33  35.342  35.348  
    35.345  35.327  35.29  35.244  35.202  35.171  35.156  35.156  35.172  
    35.202  35.243  35.288  35.318  35.296  35.231  35.179  35.177  35.238  
    35.314  35.354  35.334  35.264  35.177  35.103  35.047  35.023  35.034  
    35.074  35.135  35.206  35.267  35.266  35.17  35.04  34.918  34.816  
    34.733  34.666  34.609  34.561  34.523  34.497  34.484  34.485  34.496  
    34.516  34.542  34.572  34.603  -999  -999  34.673  34.718  -999  -999  34.866  
    34.872  34.877  34.88  34.883  34.884  34.886  -999  -999  -999  -999  -999  -999  -999  
    34.891  34.891 
  -999  -999  -999  -999  -999  -999  -999  -999  -999  -999  -999  -999  -999  -999  -999  -999  -999  35.298  35.294  35.285  
    35.266  35.24  35.209  35.181  35.162  35.155  35.161  35.182  35.216  
    35.26  35.308  35.341  35.301  35.197  35.102  35.069  35.166  35.391  
    35.5  35.437  35.265  35.112  35.018  34.954  34.942  34.969  35.02  
    35.085  35.15  35.196  35.195  35.136  35.042  34.942  34.847  34.761  
    34.679  34.601  34.527  34.463  34.417  34.391  34.387  34.398  34.421  
    34.453  34.49  -999  -999  34.565  34.611  -999  -999  34.867  34.87  34.874  34.878  
    34.881  34.883  34.885  34.886  34.887  34.888  -999  -999  -999  -999  -999  34.89  
    34.891 
  -999  -999  -999  -999  -999  -999  -999  -999  -999  -999  -999  -999  -999  -999  -999  -999  -999  -999  35.243  35.23  
    35.213  35.194  35.174  35.157  35.148  35.148  35.16  35.184  35.218  
    35.258  35.294  35.303  35.248  35.13  34.984  34.86  34.859  35.158  
    35.567  35.471  35.158  34.91  34.808  34.792  34.824  34.881  34.947  
    35.013  35.071  35.107  35.109  35.071  35.006  34.929  34.848  34.764  
    34.672  34.571  34.468  34.374  34.304  34.266  34.258  34.272  34.299  
    34.337  -999  -999  34.44  34.489  34.539  -999  -999  34.873  34.875  34.877  34.88  
    34.882  34.884  34.885  34.887  34.887  34.888  34.889  -999  -999  -999  -999  -999  
    34.89 
  -999  -999  -999  -999  -999  -999  -999  -999  -999  -999  -999  -999  -999  -999  -999  -999  -999  -999  -999  35.182  35.168  
    35.154  35.142  35.134  35.133  35.139  35.156  35.182  35.215  35.249  
    35.275  35.271  35.215  35.095  34.912  34.678  34.44  34.451  35.403  
    35.304  34.911  34.594  34.545  34.618  34.71  34.797  34.874  34.94  
    34.989  35.019  35.023  34.997  34.949  34.893  34.828  34.751  34.652  
    34.526  34.385  34.252  34.154  34.106  34.099  34.117  34.149  34.188  
    34.232  34.286  34.344  34.401  -999  -999  -999  34.877  34.878  34.88  34.882  
    34.883  34.885  34.886  34.887  34.888  34.888  34.889  34.889  34.89  -999  
    -999  -999  34.89 
  -999  -999  -999  -999  -999  -999  -999  -999  -999  -999  -999  -999  -999  -999  -999  -999  -999  -999  -999  35.14  35.13  
    35.121  35.116  35.115  35.119  35.132  35.152  35.18  35.213  35.248  
    35.274  35.277  35.242  35.152  34.993  34.755  34.48  34.41  34.906  
    35.036  34.719  34.381  34.418  34.54  34.656  34.75  34.823  34.879  
    34.916  34.935  -999  -999  34.876  34.836  34.791  34.728  34.626  34.473  
    34.284  34.098  33.968  33.915  33.913  33.936  33.975  34.028  34.091  
    34.161  34.232  34.299  -999  -999  34.88  34.88  34.881  34.882  34.883  
    34.885  34.886  34.887  34.888  34.888  34.889  34.889  34.889  34.89  -999  
    -999  34.89  34.89 
  -999  -999  -999  -999  -999  -999  -999  -999  -999  -999  -999  -999  -999  -999  -999  -999  -999  -999  -999  -999  35.098  35.095  
    35.095  35.099  35.11  35.127  35.151  35.183  35.22  35.26  35.297  
    35.324  35.332  35.31  35.243  35.119  34.994  35.002  35.127  35.105  
    34.863  34.618  34.566  34.623  34.698  34.76  34.806  34.838  34.852  
    34.852  -999  -999  34.779  34.755  34.731  34.692  34.6  34.419  34.173  
    33.921  33.75  33.708  33.712  33.73  33.775  33.844  33.928  34.017  
    34.105  -999  34.883  34.882  34.882  34.882  34.883  34.884  34.885  
    34.886  34.887  34.887  34.888  34.889  34.889  34.889  34.89  34.89  
    34.89  34.89  34.89  34.89 
  -999  -999  -999  -999  -999  -999  -999  -999  -999  -999  -999  -999  -999  -999  -999  -999  -999  -999  -999  -999  35.073  35.074  
    35.079  35.089  35.105  35.127  35.156  35.192  35.236  35.285  35.34  
    35.397  35.455  35.515  35.571  35.582  35.583  35.682  35.642  35.481  
    35.237  35.004  34.87  34.828  34.826  34.832  34.832  -999  34.788  34.763  
    -999  34.683  34.655  34.638  34.631  34.619  34.557  34.351  34.061  
    33.768  33.556  33.548  33.507  33.495  33.543  33.636  33.746  33.856  
    -999  -999  34.884  34.884  34.884  34.884  34.884  34.885  34.886  34.887  
    34.887  34.888  34.888  34.889  34.889  34.89  34.89  34.89  34.89  -999  
    34.89  34.89 
  -999  -999  -999  -999  -999  -999  -999  -999  -999  -999  -999  -999  -999  -999  -999  -999  -999  -999  -999  -999  -999  35.059  
    35.07  35.085  35.106  35.132  35.166  35.209  35.26  35.32  35.392  
    35.476  35.576  35.694  35.826  35.925  36  36.128  36.106  35.933  
    35.674  35.411  35.21  35.083  35.007  34.956  -999  -999  -999  34.658  34.601  
    34.547  34.504  34.477  34.467  34.459  34.403  34.2  33.924  33.675  
    33.546  33.422  33.266  33.211  33.278  33.412  33.557  33.689  -999  
    34.885  34.885  34.885  34.885  34.885  34.886  -999  34.887  34.887  
    34.888  34.888  34.889  34.889  34.889  34.89  34.89  34.89  34.89  
    34.89  -999  34.89 
  -999  -999  -999  -999  -999  -999  -999  -999  -999  -999  -999  -999  -999  -999  34.927  34.936  -999  -999  -999  -999  -999  
    35.051  35.067  35.087  35.113  35.145  35.184  35.233  35.291  35.362  
    35.447  35.55  35.674  35.819  35.976  36.126  36.27  36.409  36.463  
    36.35  36.076  35.774  35.522  35.337  35.207  35.112  -999  -999  -999  -999  
    34.474  34.402  34.333  34.278  34.246  34.213  34.126  33.946  33.709  
    33.488  33.316  33.137  32.948  32.881  33.011  33.202  33.384  33.539  
    -999  34.886  34.886  34.886  34.886  34.886  34.887  -999  -999  34.888  34.888  
    34.889  34.889  34.889  34.89  34.89  34.89  34.89  34.89  34.89  34.89  -999 
  -999  -999  -999  -999  -999  -999  -999  -999  -999  -999  -999  -999  -999  34.92  34.928  34.937  34.949  
    34.963  34.98  35  -999  35.049  35.071  35.096  35.127  35.165  35.21  
    35.264  35.329  35.408  35.502  35.616  35.751  35.908  36.078  36.254  
    36.43  36.593  36.706  36.656  36.361  36.043  35.771  35.559  35.398  
    35.275  -999  -999  -999  -999  34.35  34.262  34.163  34.065  34.007  33.948  
    33.834  33.65  33.421  33.192  32.991  32.812  32.664  32.642  32.822  
    33.047  33.251  33.421  33.564  -999  34.887  34.887  34.887  -999  -999  -999  -999  -999  
    -999  34.889  34.889  34.89  34.89  34.89  34.89  34.89  34.89  34.89  
    34.89  34.89 
  -999  -999  -999  -999  -999  -999  -999  -999  -999  -999  -999  -999  -999  34.92  34.928  34.939  34.952  
    34.967  34.985  35.006  35.03  35.055  35.082  -999  35.15  35.194  35.245  
    35.305  35.376  35.46  35.56  35.678  35.818  35.978  36.155  36.34  
    36.519  36.674  36.763  36.705  36.479  36.2  35.943  35.733  35.564  -999  
    -999  -999  -999  -999  34.244  34.147  34.032  33.909  33.818  33.72  33.567  
    33.354  33.102  32.853  32.648  32.52  32.483  32.559  32.743  32.964  
    33.168  33.341  -999  -999  34.887  34.887  -999  -999  -999  -999  -999  -999  -999  34.89  34.89  
    34.89  34.89  34.89  34.89  34.89  34.89  34.89  34.89  34.89 
  -999  -999  -999  -999  -999  -999  -999  -999  -999  -999  -999  -999  34.911  -999  -999  -999  34.956  34.973  
    34.992  35.014  35.04  35.068  35.1  35.138  35.182  35.233  35.291  
    35.358  35.435  35.522  35.623  35.742  35.882  36.043  36.221  36.405  
    36.576  36.702  36.746  36.675  36.497  36.27  36.049  35.857  35.693  -999  
    -999  -999  -999  -999  34.166  34.068  33.953  33.827  33.699  33.55  33.349  
    33.092  32.802  32.529  32.326  32.269  32.356  32.517  32.72  32.934  
    33.129  33.296  -999  -999  34.888  -999  -999  -999  -999  -999  -999  -999  -999  34.89  34.89  
    34.89  34.89  34.89  34.89  34.89  34.89  34.89  34.89  34.89 
  -999  -999  -999  -999  -999  -999  -999  -999  -999  -999  -999  34.905  34.908  -999  -999  -999  -999  -999  -999  35.026  
    35.054  35.087  35.126  35.171  35.224  35.284  35.351  35.426  35.508  
    35.598  35.698  35.814  35.948  36.106  36.284  36.469  36.634  36.736  
    36.74  36.648  36.486  36.295  36.107  35.938  -999  -999  -999  -999  -999  -999  34.116  
    34.018  33.904  33.773  33.623  33.437  33.198  32.9  32.569  32.289  
    32.125  32.14  32.314  32.52  32.732  32.937  33.121  33.279  -999  -999  -999  -999  
    -999  -999  -999  -999  -999  -999  -999  34.89  34.89  34.89  34.89  34.89  34.89  34.89  
    34.89  34.89  34.89  34.89 
  -999  -999  -999  -999  -999  -999  -999  -999  -999  -999  34.9  34.903  34.905  -999  -999  -999  -999  -999  -999  -999  -999  
    -999  35.16  35.215  35.277  35.348  35.427  35.512  35.6  35.692  35.788  
    35.895  36.019  36.167  36.341  36.531  36.705  36.796  36.759  36.633  
    36.468  36.294  36.131  35.983  -999  -999  -999  -999  -999  -999  34.082  33.985  33.872  
    33.739  33.579  33.38  33.129  32.82  32.476  32.215  32.161  32.229  
    32.391  32.58  32.771  32.963  33.133  33.282  -999  -999  -999  -999  -999  -999  -999  -999  -999  
    -999  -999  34.89  34.89  34.89  34.89  34.89  34.89  34.89  34.89  34.89  
    34.89  34.89 
  -999  -999  -999  -999  -999  -999  -999  -999  -999  34.897  34.899  34.901  34.903  -999  -999  -999  -999  -999  
    -999  -999  -999  -999  -999  35.267  35.343  35.43  35.524  35.622  35.718  35.81  
    35.898  35.988  36.092  36.22  36.379  36.566  36.755  36.857  36.765  
    36.604  36.433  36.272  36.129  -999  -999  -999  -999  -999  -999  -999  -999  -999  33.852  
    33.722  33.565  33.374  33.142  32.87  32.592  32.401  32.364  32.428  
    32.552  32.695  -999  -999  33.155  -999  -999  -999  -999  -999  -999  -999  -999  -999  -999  34.89  34.89  
    34.89  34.89  34.89  34.89  34.89  34.89  34.89  34.89  34.89  34.89  
    34.891 
  -999  -999  -999  -999  -999  -999  -999  -999  -999  34.896  34.897  34.899  -999  -999  -999  -999  -999  -999  -999  -999  
    -999  -999  -999  -999  -999  35.533  35.645  35.759  35.866  35.958  36.031  36.095  
    36.164  36.257  36.382  36.537  36.695  36.771  36.681  36.528  36.37  
    36.227  36.102  -999  -999  -999  -999  -999  -999  -999  -999  -999  -999  33.719  33.574  33.407  
    33.213  33.004  32.807  32.674  32.634  32.669  32.749  32.848  -999  -999  -999  
    -999  -999  -999  -999  -999  -999  -999  -999  -999  -999  34.89  34.89  34.89  34.89  34.89  34.89  
    34.89  34.89  34.89  34.89  34.89  34.891  34.891 
  -999  -999  -999  -999  -999  -999  -999  -999  34.895  34.895  34.896  -999  -999  -999  -999  -999  -999  -999  -999  -999  
    -999  -999  -999  -999  -999  -999  -999  35.926  36.044  36.136  36.189  36.212  36.233  
    36.276  36.351  36.449  36.542  36.575  36.518  36.406  36.28  36.162  
    36.055  -999  -999  -999  -999  -999  -999  -999  -999  -999  -999  -999  33.603  33.462  33.312  33.16  
    33.025  32.932  32.894  32.905  32.949  33.011  -999  -999  -999  -999  -999  -999  -999  -999  
    -999  -999  -999  -999  34.89  34.89  34.89  -999  34.89  34.89  34.89  34.89  34.89  
    34.89  34.89  34.891  34.891  34.891 
  -999  -999  -999  -999  -999  -999  -999  34.893  34.894  34.895  34.895  -999  -999  -999  -999  -999  -999  -999  
    -999  -999  -999  -999  -999  -999  -999  -999  -999  -999  36.246  36.337  36.362  36.328  36.291  
    36.28  36.299  36.34  36.379  36.386  36.346  36.271  36.179  36.084  
    35.993  -999  -999  -999  -999  -999  -999  -999  -999  -999  -999  -999  -999  33.533  33.415  33.307  
    33.216  33.15  33.117  33.115  33.134  33.171  -999  -999  -999  -999  -999  -999  -999  -999  -999  
    -999  -999  -999  34.89  34.89  34.89  -999  -999  34.89  34.89  34.89  34.89  34.89  
    34.891  34.891  34.891  34.891 
  -999  -999  -999  -999  -999  -999  -999  34.893  34.893  34.894  -999  -999  -999  -999  -999  -999  -999  -999  -999  -999  
    -999  -999  -999  -999  -999  -999  -999  -999  36.439  36.517  36.508  36.414  36.328  36.269  
    36.242  36.236  36.237  36.227  36.196  36.145  36.08  36.003  35.926  -999  
    -999  -999  -999  -999  -999  -999  -999  -999  -999  -999  -999  -999  -999  33.44  33.375  33.327  33.301  
    33.293  33.3  -999  -999  -999  -999  -999  -999  -999  -999  -999  -999  -999  -999  -999  34.89  34.89  34.89  
    34.89  -999  34.89  34.89  34.89  34.89  34.891  34.891  34.891  34.891  
    34.891 
  -999  -999  -999  -999  -999  -999  -999  34.892  34.893  -999  -999  -999  -999  -999  -999  -999  -999  -999  -999  -999  -999  -999  
    -999  -999  -999  -999  -999  -999  -999  36.607  36.553  36.447  36.336  36.247  36.186  
    36.148  36.123  36.1  36.071  36.034  -999  -999  35.859  -999  -999  -999  -999  -999  -999  -999  
    -999  -999  -999  -999  -999  -999  -999  33.563  33.51  33.472  33.452  33.445  -999  -999  -999  -999  
    -999  -999  -999  -999  -999  -999  -999  -999  -999  -999  -999  -999  34.89  34.89  -999  34.89  34.89  34.89  
    34.891  34.891  34.891  34.891  34.891  34.891 
  -999  -999  -999  -999  -999  -999  34.892  34.892  34.892  -999  -999  -999  -999  -999  -999  -999  -999  -999  -999  -999  
    -999  -999  -999  -999  -999  -999  -999  -999  -999  -999  36.562  36.449  36.327  36.22  36.137  
    36.078  36.035  36.002  35.972  35.941  -999  -999  -999  -999  -999  -999  -999  -999  -999  -999  -999  
    -999  -999  -999  -999  -999  -999  -999  -999  -999  -999  33.577  -999  -999  -999  -999  -999  -999  -999  -999  -999  -999  -999  -999  
    -999  -999  -999  -999  -999  -999  -999  -999  -999  -999  -999  34.891  34.891  34.891  34.891  34.891 
  -999  -999  -999  -999  -999  34.891  34.892  34.892  34.892  -999  -999  -999  -999  -999  -999  -999  -999  -999  
    -999  -999  -999  -999  -999  -999  -999  -999  -999  -999  -999  36.66  36.574  36.448  36.315  36.194  
    36.097  36.024  35.969  35.928  35.894  -999  -999  -999  -999  -999  -999  -999  -999  -999  -999  -999  
    -999  -999  -999  -999  -999  -999  -999  -999  -999  -999  -999  -999  -999  -999  -999  -999  -999  -999  -999  -999  -999  -999  -999  -999  
    -999  -999  -999  -999  -999  -999  -999  -999  -999  -999  -999  -999  -999  34.891  34.891  34.891 
  -999  -999  -999  -999  -999  34.891  34.891  -999  -999  -999  -999  -999  -999  -999  -999  -999  -999  -999  -999  -999  -999  
    35.356  35.456  35.577  35.726  -999  -999  36.519  36.654  36.681  36.588  
    36.45  36.305  36.173  36.065  35.983  35.92  35.871  -999  -999  -999  -999  -999  -999  
    -999  -999  -999  -999  -999  -999  -999  -999  -999  -999  -999  -999  -999  -999  -999  -999  -999  -999  -999  -999  -999  -999  -999  -999  
    -999  -999  -999  -999  -999  -999  -999  -999  -999  -999  -999  -999  -999  -999  -999  -999  -999  -999  -999  -999  34.891  34.891 
  -999  -999  -999  -999  -999  34.891  34.891  -999  -999  -999  -999  -999  -999  -999  -999  -999  -999  -999  -999  -999  
    35.27  35.342  35.44  35.564  35.723  35.925  36.237  36.444  36.61  
    36.669  36.591  -999  -999  -999  -999  -999  35.882  -999  -999  -999  -999  -999  -999  -999  -999  -999  -999  -999  
    -999  -999  -999  -999  -999  -999  -999  -999  -999  -999  -999  -999  -999  -999  -999  -999  -999  -999  -999  -999  -999  -999  -999  -999  
    -999  -999  -999  -999  -999  -999  -999  -999  -999  -999  -999  -999  -999  -999  -999  -999  -999  -999 
  -999  -999  -999  -999  34.891  34.891  -999  -999  -999  -999  -999  -999  -999  -999  -999  -999  -999  -999  -999  -999  
    35.255  35.325  35.419  35.544  35.71  35.917  36.143  -999  -999  -999  -999  -999  -999  
    -999  -999  -999  -999  -999  -999  -999  -999  -999  -999  -999  -999  -999  -999  -999  -999  -999  -999  -999  -999  -999  -999  -999  -999  
    -999  -999  -999  -999  -999  -999  -999  -999  -999  -999  -999  -999  -999  -999  -999  -999  -999  -999  -999  -999  -999  -999  -999  -999  
    -999  -999  -999  -999  -999  -999  -999  -999  -999 
  -999  -999  -999  -999  34.891  34.891  -999  -999  -999  -999  -999  -999  -999  -999  -999  -999  -999  -999  -999  35.187  
    35.237  35.303  35.394  -999  -999  -999  -999  -999  -999  -999  -999  -999  -999  -999  -999  -999  -999  -999  -999  
    -999  -999  -999  -999  -999  -999  -999  -999  -999  -999  -999  -999  -999  -999  -999  -999  -999  -999  -999  -999  -999  -999  -999  -999  
    -999  -999  -999  -999  -999  -999  -999  -999  -999  -999  -999  -999  -999  -999  -999  -999  -999  -999  -999  -999  -999  -999  -999  -999  
    -999  -999  -999 
  -999  -999  -999  -999  34.891  -999  -999  -999  -999  -999  -999  -999  -999  -999  -999  -999  -999  -999  35.134  35.174  
    35.22  -999  -999  -999  -999  -999  -999  -999  -999  -999  -999  -999  -999  -999  -999  -999  -999  -999  -999  -999  -999  -999  -999  
    -999  -999  -999  -999  -999  -999  -999  -999  -999  -999  -999  -999  -999  -999  -999  -999  -999  -999  -999  -999  -999  -999  -999  -999  
    -999  -999  -999  -999  -999  -999  -999  -999  -999  -999  -999  -999  -999  -999  -999  -999  -999  -999  -999  -999  -999  -999  -999 
  -999  -999  34.891  -999  -999  -999  -999  -999  -999  -999  -999  -999  -999  -999  -999  -999  -999  -999  35.124  35.161  
    35.203  -999  -999  -999  -999  -999  -999  -999  -999  -999  -999  -999  -999  -999  -999  -999  -999  -999  -999  -999  -999  -999  -999  
    -999  -999  -999  -999  -999  -999  -999  -999  -999  -999  -999  -999  -999  -999  -999  -999  -999  -999  -999  -999  -999  -999  -999  -999  
    -999  -999  -999  -999  -999  -999  -999  -999  -999  -999  -999  -999  -999  -999  -999  -999  -999  -999  -999  -999  -999  -999  -999 
  -999  34.805  34.814  34.826  34.841  34.86  34.885  34.918  34.958  35.008  
    35.065  35.123  35.16  35.141  35.095  35.048  35.009  34.98  34.961  
    34.951  34.949  34.953  34.961  34.969  34.973  34.969  34.954  34.933  
    34.909  34.886  34.866  34.849  34.836  34.827  34.819  34.814  34.81  
    34.807  34.805  34.803  34.801  34.799  34.797  34.794  34.791  34.787  
    34.783  34.779  34.775  34.772  34.769  34.766  34.765  34.765  34.766  
    34.768  34.77  34.771  34.773  34.775  34.776  34.777  34.779  34.782  
    34.787  34.794  34.804  34.819  34.839  34.866  34.903  34.952  35.015  
    35.095  35.197  35.323  35.471  35.634  35.781  35.82  35.725  35.599  
    35.484  35.389  35.312  -999  -999  -999  -999  -999 
  -999  -999  34.817  34.829  34.844  34.863  34.888  34.92  34.961  35.012  35.07  
    35.131  35.172  35.152  35.106  35.059  35.021  34.993  34.976  34.969  
    34.971  34.98  34.994  35.01  35.02  35.016  34.996  34.966  34.934  
    34.905  34.881  34.862  34.848  34.837  34.829  34.824  34.82  34.818  
    34.816  34.814  34.812  34.81  34.807  34.803  34.799  34.795  34.789  
    34.784  34.778  34.773  34.769  34.765  34.764  34.764  34.766  34.768  
    34.771  34.773  34.775  34.777  34.778  34.778  34.779  34.781  34.785  
    34.791  34.8  34.813  34.832  34.858  34.893  34.939  34.999  35.074  
    35.168  35.28  35.408  35.539  35.642  35.673  35.622  35.533  35.443  
    35.366  -999  -999  -999  -999  -999  -999 
  -999  -999  34.819  34.831  34.845  34.863  34.886  34.917  34.954  34.999  
    35.05  35.098  35.127  35.121  35.09  35.054  35.023  35  34.988  34.985  
    34.992  35.006  35.026  35.049  35.068  35.066  35.036  34.995  34.956  
    34.922  34.895  34.874  34.859  34.848  34.841  34.836  34.833  34.831  
    34.829  34.827  34.826  34.823  34.82  34.815  34.81  34.804  34.797  
